0 -0.273785 -0.906229 0.000000
1 -0.273785 0.093771 0.000000
2 -0.273785 -0.906229 0.000000
3 -0.273785 0.093771 0.000000
4 -0.273785 -0.906229 0.000000
5 -0.273785 0.093771 0.000000
6 0.726215 0.093771 0.000000
7 -0.273785 0.093771 0.000000
8 -0.273785 0.093771 0.000000
9 -0.273785 0.093771 0.000000
10 0.726215 -0.906229 0.000000
11 0.726215 0.093771 0.000000
12 -0.273785 0.093771 0.000000
13 -0.273785 0.093771 0.000000
14 -0.273785 0.093771 0.000000
15 -0.273785 0.093771 0.000000
16 -0.273785 0.093771 0.000000
17 -0.273785 -0.906229 0.000000
18 -0.273785 -0.906229 0.000000
19 0.726215 0.093771 0.000000
20 -0.273785 0.093771 0.000000
21 -0.273785 -0.906229 0.000000
22 -0.273785 -0.906229 0.000000
23 -0.273785 1.093771 0.000000
24 0.726215 -0.906229 0.000000
25 -0.273785 0.093771 0.000000
26 -0.273785 0.093771 0.000000
27 -0.273785 0.093771 0.000000
28 0.726215 0.093771 0.000000
29 -0.273785 0.093771 0.000000
30 0.726215 -0.906229 0.000000
31 -0.273785 -0.906229 0.000000
32 -0.273785 0.093771 0.000000
33 0.726215 -0.906229 0.000000
34 -0.273785 0.093771 0.000000
35 -0.273785 0.093771 0.000000
36 -0.273785 0.093771 0.000000
37 -0.273785 -0.906229 0.000000
38 -0.273785 0.093771 0.000000
39 -0.273785 -0.906229 0.000000
40 -0.273785 0.093771 0.000000
41 -0.273785 0.093771 0.000000
42 -0.273785 0.093771 0.000000
43 -0.273785 0.093771 0.000000
44 0.726215 0.093771 0.000000
45 -0.273785 0.093771 0.000000
46 0.726215 0.093771 0.000000
47 0.726215 0.093771 0.000000
48 0.726215 0.093771 0.000000
49 -0.273785 0.093771 0.000000
