0 -0.006696 0.010602 0.000000
1 -0.006345 0.027707 0.000000
2 -0.004284 0.016074 0.000000
3 0.004325 0.033055 0.000000
4 0.014417 0.047631 0.000000
5 0.045299 0.036268 0.000000
6 0.440060 -0.662333 0.000000
7 0.662427 -0.945653 0.000000
8 0.135476 -0.299478 0.000000
9 0.083700 -0.552663 0.000000
10 0.035309 -0.635578 0.000000
11 -0.200961 -0.787966 0.000000
12 -0.540594 -1.220859 0.000000
13 -0.685429 -1.495907 0.000000
14 -0.788167 -1.610274 0.000000
15 -0.802236 -1.530578 0.000000
16 -0.801572 -1.409601 0.000000
17 -0.967067 -1.324405 0.000000
18 -0.937398 -1.227187 0.000000
19 -1.124339 -1.238121 0.000000
20 -1.185252 -1.116043 0.000000
21 -1.350062 -1.069319 0.000000
22 -1.427489 -1.116010 0.000000
23 -1.452953 -0.883273 0.000000
24 -1.545445 -0.707936 0.000000
25 -1.601244 -0.651404 0.000000
26 -1.618876 -0.560553 0.000000
27 -1.680611 -0.507801 0.000000
28 -1.643181 -0.462465 0.000000
29 -1.614909 -0.405856 0.000000
30 -1.437079 -0.163014 0.000000
31 -1.326663 -0.018556 0.000000
32 -1.174050 0.174084 0.000000
33 -1.058174 0.274768 0.000000
34 -0.908273 0.455268 0.000000
35 -0.846311 0.539624 0.000000
36 -0.680096 0.594659 0.000000
37 -0.448061 0.787649 0.000000
38 -0.356946 0.768852 0.000000
39 -0.247759 0.668124 0.000000
40 -0.235117 0.624032 0.000000
41 -0.176860 0.698015 0.000000
42 -0.120300 0.740579 0.000000
43 -0.023868 0.703005 0.000000
44 0.142182 0.821509 0.000000
45 0.206642 0.792503 0.000000
46 0.387363 0.582623 0.000000
47 0.454089 0.442771 0.000000
48 0.298063 0.406933 0.000000
49 0.211180 0.199830 0.000000
50 0.176666 -0.080645 0.000000
51 0.057615 -0.233377 0.000000
52 0.019262 -0.547938 0.000000
53 -0.027021 -0.691206 0.000000
54 -0.117780 -0.996845 0.000000
55 -0.139724 -1.100595 0.000000
56 -0.410403 -1.141127 0.000000
57 -0.750711 -1.248418 0.000000
58 -1.048271 -1.339959 0.000000
59 -1.185514 -0.498279 0.000000
60 -1.241570 -0.485718 0.000000
61 -1.254543 -0.499645 0.000000
62 -1.308070 -0.601647 0.000000
63 -1.520241 -0.701869 0.000000
64 -1.993803 -1.084189 0.000000
65 -2.009548 -1.087237 0.000000
66 -2.059880 -1.185597 0.000000
67 -2.141912 -1.302628 0.000000
68 -2.314052 -1.284454 0.000000
69 -2.346804 -1.256613 0.000000
70 -2.503762 -1.238503 0.000000
71 -2.669145 -1.380930 0.000000
72 -2.774892 -1.362233 0.000000
73 -2.764692 -1.259094 0.000000
74 -2.796723 -1.258534 0.000000
75 -2.853091 -1.303259 0.000000
76 -2.901412 -1.312927 0.000000
77 -2.893958 -1.326544 0.000000
78 -2.876813 -1.253463 0.000000
79 -2.891495 -1.126608 0.000000
80 -2.932470 -1.038329 0.000000
81 -2.992764 -0.896281 0.000000
82 -3.014579 -0.825430 0.000000
83 -2.982235 -0.787362 0.000000
84 -2.953952 -0.711529 0.000000
85 -2.943004 -0.671982 0.000000
86 -2.939085 -0.536315 0.000000
87 -2.928239 -0.330069 0.000000
88 -2.792287 -0.165763 0.000000
89 -2.817480 -0.093158 0.000000
90 -2.721064 -0.006200 0.000000
91 -2.591100 0.115409 0.000000
92 -2.394097 0.353277 0.000000
93 -2.246600 0.498119 0.000000
94 -2.159261 0.574592 0.000000
95 -2.037318 0.735559 0.000000
96 -1.820766 0.745910 0.000000
97 -1.740268 0.793246 0.000000
98 -1.554577 0.840806 0.000000
99 -1.526874 0.744333 0.000000
100 -1.487335 0.550596 0.000000
101 -1.340499 0.589365 0.000000
102 -1.220082 0.607191 0.000000
103 -1.256132 0.491755 0.000000
104 -1.389100 0.273349 0.000000
105 -1.375619 0.041682 0.000000
106 -1.266002 -0.065146 0.000000
107 -1.233531 -0.087980 0.000000
108 -1.225916 -0.125721 0.000000
109 -1.199198 0.015687 0.000000
110 -1.206080 -0.090032 0.000000
111 -1.348965 -0.272769 0.000000
112 -1.552936 -0.582474 0.000000
113 -1.783402 -0.862285 0.000000
114 -1.970173 -1.082972 0.000000
115 -2.156015 -1.023274 0.000000
116 -2.370594 -1.031918 0.000000
117 -2.501126 -1.231666 0.000000
118 -2.683504 -1.446265 0.000000
119 -2.782477 -1.462997 0.000000
120 -2.899468 -1.566548 0.000000
121 -3.038734 -1.605264 0.000000
122 -3.183509 -1.701772 0.000000
123 -3.295156 -1.820690 0.000000
124 -3.318242 -1.840018 0.000000
125 -3.359398 -1.901273 0.000000
126 -3.455995 -1.952942 0.000000
127 -3.542924 -1.872582 0.000000
128 -3.489427 -1.726136 0.000000
129 -3.454757 -1.545447 0.000000
130 -3.646466 -1.758306 0.000000
131 -3.813274 -1.905515 0.000000
132 -3.916191 -2.060130 0.000000
133 -3.990353 -2.048126 0.000000
134 -3.940652 -2.001216 0.000000
135 -3.993781 -1.993567 0.000000
136 -3.996841 -2.125957 0.000000
137 -4.075737 -2.214091 0.000000
138 -4.058387 -2.093435 0.000000
139 -4.103603 -1.957876 0.000000
140 -4.046029 -1.883611 0.000000
141 -4.162611 -1.943097 0.000000
142 -4.238579 -1.880821 0.000000
143 -4.334119 -1.862115 0.000000
144 -4.292477 -1.758981 0.000000
145 -4.230644 -1.766303 0.000000
146 -4.280440 -1.709707 0.000000
147 -4.455788 -1.756109 0.000000
148 -4.517753 -1.675171 0.000000
149 -4.478936 -1.569450 0.000000
